start=2.043700
volume=90.000000
