start=1327.743083
volume=90.000000
fullscreen=yes
