start=1327.327000
volume=65.000000
fullscreen=yes
