start=1321.277867
volume=80.000000
fullscreen=yes
