start=1320.277292
volume=70.000000
fullscreen=yes
