start=1327.509450
volume=60.000000
fullscreen=yes
