start=1319.819000
volume=70.000000
fullscreen=yes
