start=1321.236583
volume=55.000000
fullscreen=yes
