start=447.067000
volume=70.000000
