start=3003.320000
volume=65.000000
fullscreen=yes
