start=1411.118042
volume=60.000000
