start=1327.089458
volume=65.000000
fullscreen=yes
