start=1179.233700
volume=70.000000
fullscreen=yes
