start=1004.725033
volume=40.000000
fullscreen=yes
