start=1069.414667
volume=40.000000
fullscreen=yes
