start=1318.985000
volume=75.000000
fullscreen=yes
