start=1177.981456
volume=55.000000
fullscreen=yes
