start=991.628622
volume=65.000000
fullscreen=yes
