start=1326.908500
volume=60.000000
fullscreen=yes
