start=1179.817622
volume=75.000000
fullscreen=yes
