start=2590.480000
volume=75.000000
fullscreen=yes
