start=1324.239583
volume=80.000000
fullscreen=yes
