start=191.482956
pause=yes
volume=65.000000
