start=1314.020633
volume=50.000000
fullscreen=yes
