start=3477.557417
volume=40.000000
