start=2315.640000
volume=90.000000
fullscreen=yes
