start=210.280000
volume=45.000000
