start=2802.680000
volume=60.000000
fullscreen=yes
