start=1450.365578
volume=80.000000
fullscreen=yes
