start=610.290333
pause=yes
volume=60.000000
