start=1327.700956
volume=50.000000
fullscreen=yes
