start=451.448971
pause=yes
volume=60.000000
