start=386.428000
volume=80.000000
fullscreen=yes
