start=1318.150167
volume=60.000000
fullscreen=yes
