start=2659.840000
volume=70.000000
