start=4633.161867
volume=30.000000
