start=1299.005633
volume=55.000000
fullscreen=yes
