start=1328.811424
volume=75.000000
fullscreen=yes
