start=1318.901000
volume=70.000000
fullscreen=yes
