start=1336.126033
volume=70.000000
fullscreen=yes
