start=1129.043681
volume=105.000000
fullscreen=yes
