start=1137.554902
volume=35.000000
