start=780.153752
volume=60.000000
fullscreen=yes
