start=2571.680000
volume=75.000000
fullscreen=yes
