start=1034.379667
volume=70.000000
