start=1078.702622
volume=80.000000
fullscreen=yes
