start=2287.618667
volume=50.000000
