start=1420.335583
volume=70.000000
fullscreen=yes
