start=1344.175744
volume=50.000000
fullscreen=yes
