start=1342.799433
volume=60.000000
fullscreen=yes
