start=604.666667
volume=0.000000
