start=1341.882208
volume=55.000000
fullscreen=yes
