start=1329.065888
volume=80.000000
fullscreen=yes
