start=1324.406417
volume=75.000000
fullscreen=yes
