start=1180.734200
volume=65.000000
fullscreen=yes
