start=1317.525000
volume=80.000000
fullscreen=yes
