start=108.000000
volume=50.000000
