start=5133.336542
pause=yes
volume=85.000000
