start=1318.275000
volume=70.000000
fullscreen=yes
