start=1179.649789
volume=80.000000
fullscreen=yes
