start=1453.952500
volume=70.000000
fullscreen=yes
