start=1323.697375
volume=90.000000
fullscreen=yes
