start=1362.071219
volume=50.000000
fullscreen=yes
