start=2381.160000
volume=65.000000
fullscreen=yes
