start=602.435167
volume=65.000000
fullscreen=yes
