start=2515.480000
volume=75.000000
fullscreen=yes
