start=1328.993978
volume=65.000000
fullscreen=yes
