start=188.880000
volume=70.000000
