start=2760.966542
volume=65.000000
