start=1377.417711
volume=55.000000
fullscreen=yes
