start=1338.795792
volume=60.000000
fullscreen=yes
