start=2355.240000
volume=90.000000
fullscreen=yes
