start=1318.025000
volume=80.000000
fullscreen=yes
