start=118.100000
pause=yes
volume=90.000000
