start=12537.758567
volume=25.000000
