start=2701.640000
volume=60.000000
fullscreen=yes
