start=1044.040000
volume=50.000000
