start=1319.276292
volume=70.000000
fullscreen=yes
