start=1093.292200
volume=35.000000
