start=1319.235000
volume=60.000000
fullscreen=yes
