start=422.000000
volume=65.000000
fullscreen=yes
