start=1400.565833
volume=90.000000
fullscreen=yes
