start=244.844600
volume=25.000000
