start=1318.025000
volume=60.000000
fullscreen=yes
