start=1318.525542
volume=60.000000
fullscreen=yes
