start=5805.174000
volume=65.000000
fullscreen=yes
