start=1327.929441
volume=80.000000
fullscreen=yes
