start=2096.763430
volume=60.000000
