start=2389.000000
volume=85.000000
