start=6459.077625
volume=60.000000
fullscreen=yes
