start=58.440000
volume=80.000000
fullscreen=yes
