start=1177.814622
volume=80.000000
fullscreen=yes
