start=88.004578
volume=90.000000
fullscreen=yes
