start=2679.304304
volume=45.000000
