start=888.846289
volume=76.000000
fullscreen=yes
