start=1088.800000
volume=65.000000
