start=1327.033633
volume=60.000000
fullscreen=yes
