start=840.756583
volume=95.000000
