start=1018.350667
volume=95.000000
