start=1309.058000
volume=65.000000
fullscreen=yes
