start=2791.520000
volume=80.000000
fullscreen=yes
