start=1317.691375
volume=90.000000
fullscreen=yes
