start=2583.614367
volume=45.000000
