start=15.640625
volume=5.000000
