start=2511.900000
volume=60.000000
fullscreen=yes
brightness=-1
