start=1327.467451
volume=75.000000
fullscreen=yes
