start=1328.139437
volume=80.000000
fullscreen=yes
