start=633.166000
volume=70.000000
fullscreen=yes
