start=1326.366708
volume=70.000000
fullscreen=yes
